fixed_acidity,volatile_acidity,citric_acid,residual_sugar,chlorides,free_sulfur_dioxide,total_sulfur_dioxide,density,pH,sulphates,alcohol,quality
7.4,0.70,0.00,1.9,0.076,11,34,0.9978,3.51,0.56,9.4,5
7.8,0.88,0.00,2.6,0.098,25,67,0.9968,3.20,0.68,9.8,5
7.8,0.76,0.04,2.3,0.092,15,54,0.9970,3.26,0.65,9.8,5
11.2,0.28,0.56,1.9,0.075,17,60,0.9980,3.16,0.58,9.8,6
7.4,0.66,0.00,1.8,0.075,13,40,0.9978,3.51,0.56,9.4,5
7.9,0.60,0.06,1.6,0.069,15,59,0.9964,3.30,0.46,9.4,5
7.3,0.65,0.00,1.2,0.065,15,21,0.9946,3.39,0.47,10.0,7
7.8,0.58,0.02,2.0,0.073,9,18,0.9968,3.36,0.57,9.5,7
7.5,0.50,0.36,6.1,0.071,17,102,0.9978,3.35,0.80,10.5,5
6.9,0.45,0.11,2.4,0.070,21,40,0.9955,3.12,0.50,11.0,6
6.7,0.58,0.08,1.8,0.097,15,65,0.9959,3.28,0.54,9.2,5
8.3,0.42,0.20,2.1,0.080,18,55,0.9972,3.22,0.61,10.1,6
7.1,0.72,0.05,1.5,0.089,10,30,0.9960,3.40,0.52,9.7,5
6.8,0.39,0.34,2.7,0.066,22,75,0.9949,3.15,0.60,11.5,7
7.0,0.55,0.09,2.0,0.081,12,45,0.9963,3.33,0.55,10.2,6
8.1,0.31,0.44,3.2,0.072,14,50,0.9958,3.18,0.69,11.2,7
7.6,0.49,0.25,2.5,0.078,19,68,0.9967,3.24,0.58,10.0,6
7.2,0.67,0.03,1.7,0.090,16,42,0.9969,3.37,0.49,9.5,5
6.5,0.35,0.30,3.1,0.062,24,80,0.9942,3.14,0.65,11.8,7
7.7,0.59,0.10,2.2,0.084,11,39,0.9971,3.29,0.57,9.9,5
8.0,0.40,0.41,2.9,0.074,20,70,0.9956,3.19,0.66,11.1,7
6.6,0.52,0.12,1.9,0.076,18,48,0.9953,3.31,0.53,10.4,6
7.4,0.47,0.19,2.8,0.068,23,77,0.9950,3.20,0.63,11.3,7
7.9,0.63,0.07,1.8,0.088,13,37,0.9975,3.35,0.51,9.6,5
6.7,0.36,0.28,3.0,0.064,25,82,0.9945,3.17,0.67,11.7,7
7.3,0.61,0.04,2.1,0.086,14,41,0.9966,3.34,0.54,9.8,5
8.2,0.33,0.46,3.4,0.070,16,58,0.9954,3.16,0.70,11.4,7
7.5,0.54,0.14,2.3,0.079,17,52,0.9962,3.27,0.56,10.1,6
6.9,0.41,0.32,2.6,0.067,22,73,0.9948,3.18,0.62,11.6,7
7.8,0.69,0.01,1.6,0.093,9,28,0.9977,3.42,0.48,9.3,5
